Sample	A1	B1	C1	D1	E1	F1	A2	B2	C2	D2	E2	F2	A3	B3	C3	D3	E3	F3	A4	B4	C4	D4	E4	F4
Group	A	B	C	D	E	F	A	B	C	D	E	F	A	B	C	D	E	F	A	B	C	D	E	F
TIC	1	1.330504462	1.604105229	1.402906283	1.315109223	1.119164793	1.386815887	1.390001224	1.478270158	1.509595854	1.539938513	1.326156115	1.003400819	1.481829882	1.290303483	1.425414618	1.481733733	1.466283455	1.419109824	1.409551958	1.45374971	1.398098205	1.016394738	1.444218978
"1,3-bisphospho-D-glycerate"			20946.94402					17284.04753																
1-methylnicotinamide+																								
1-phenylethylamine																								
2- / 3-phosphoglycerate	3581311.418	6477582.63	23989865.14	8346105.484	5871604.372	4393665.545	6509187.206	9845878.235	4987286.64	8190732.822	10056454.97	10233892.88	3152185.618	12767907.24	4919150.011	8975162.027	5836132.424	5898839.015	4058338.561	6845192.558	7355586.148	9556540.843	2536770.082	8548388.088
2-(Formamido)-N1-(5-phospho-D-ribosyl)acetamidine	132704.0987	428129.6694	1629267.519	773911.9826	159358.788	238898.7468	1315663.409	837941.8007	278463.037	1551399.694	265566.2998	600523.052	307615.3844	940462.8706	600679.3919	685394.3412	568668.7355	191042.1482	341474.2175	739206.1027	1353409.286	921151.9053	161900.0667	543881.6797
"2,3-bisphospho-D-glycerate"	89397.0314	50806.94268	60156.02017	32507.72844	48713.50512	33138.60833	92520.36333	113932.1089	62842.75317	53500.03543	38124.38379	58686.77553	62704.69975	48643.41057	97765.94054	48451.94518	36289.57467	76784.49028	39275.06534	32651.38672	112405.1142	70744.76297	10023.16225	46482.31473
2-aminobutanoate / 2-/3-aminoisobutanoate	49770797.24	153050334.5	122704491.4	133125217.3	77190359.77	68538826.87	104213713.7	112828652.4	125444919.3	129027615.7	91166978.83	80215387.53	69640958.93	109631206.3	78205711.01	134960835.4	104896829.9	95555632.83	97662156.22	115442278.3	89101251.23	115699581.5	76357642.4	103357195.9
2-HG	3588288071	4713409422	6491571191	4682880263	4451767561	3121709544	5699858301	4884866039	5569172300	4951267744	4722761926	4214692311	3137797885	5835134959	4530882897	3897477880	3345902695	3844449749	5018995551	5729524648	6458233000	5716055941	2335923747	5070934285
2-hydroxybutanoic acid	1949575.349	1518971.93	1334056.476	1959532.765	1750600.936	2026026.442	2425418.328	1954624.915	2893008.367	2811261.386	2907243.972	1297454.379	1419783.591	2582706.092	1422189.12	2371133.578	3840632.679	2137223.146	2694495.641	2217864	1327622.152	2835588.032	1739893.393	1808622.635
2-keto-3-deoxy-d-gluconic acid	2667830.726	2449684.346	8466179.422	3657986.168	4459046.581	2394267.859	6962832.947	4858703.829	9820295.539	3762934.192	5760350.559	5406692.122	2393280.118	6580617.71	3297488.097	4696252.287	5666680.042	9756303.203	7320719.425	7452079.241	6825238.721	6707731.89	2331301.203	6923483.018
2-keto-isovaleric acid	16846835.98	32027713.88	36949195.04	60842348.59	30980004.06	21720221.34	27212714.85	23519645.23	47562820.09	48146443.53	37372697.56	23333141.53	20329732.88	28085027.34	15731821.28	58689707.52	31124818.7	44749568.33	37373214.09	35638704.28	32168992.83	53436991.64	47612398.8	52371567.35
2-ketovaleric acid		1387642.637			1453370.193		2266827.141		2083792.283									2578399.698						
2-oxoadipic acid	13348418.66	8218809.695	57942409.21	10254554.61	11836336.93	12630327	26334143.83	12165612.28	46798021.11	7039880.351	9474377.779	21751789.24	11790772.01	7299344.769	16123617.55	9515392.826	19889730.36	21127196.7	22357578.23	8572328.453	32687931.7	10462414.06	9485136.516	18796561.42
2-oxobutanoic acid																								
3- / 4-hydroxyphenylacetic acid	12033933.64	6811412.082	10042173.6	7265706.151	35925770.73	21333675.5	20797861.21	10648781.31	22041604.22	26114948.75	19511868	14197373.82	9227462.283	12325632.9	4985278.21	19534157.65	38471421.15	22072623.16	35368379.52	37676067.68	27982870.9	23800678	71671355.33	38148555.39
3- / 7-methylguanine	3404208.326	11552137.73	14960468.94	5488138.695	8717254.439	2123664.911	14586374.73	12046990.52	17234170.69	10162030.74	8880502.153	5266768.929	6409320.487	14950666.04	5256129.791	6923730.969	15247815.85	11573127.49	16732299.5	15667444.68	12632731.13	6626878.806	3993792.132	8925633.229
"3,4-dihydroxymandelic acid"																								
"3,4-dihydroxyphenylpropanoate"																								
3-hydroxy-anthranilic acid	1073340.668	4176874.296	2811677.067	3529723.685	2960473.508	2152211.723	3401472.551	2988489.386	3265053.994	3039002.552	2928184.93	1393364.265	2233379.73	3331801.938	1524320.328	2878476.668	3327380.395	3056549.235	4469820.183	4528907.554	4191789.882	3106214.111	2012600.005	2356466.787
3-hydroxybutanoic acid																								
3-hydroxykynurenine	23702240.46	38829198.12	25545303.44	14049598.38	21009175.61	7246114.836	51989974.62	36590480.22	40684937.78	10028430.04	16381147.57	8930361.211	24569166.31	31834043.94	41749299.16	26072776.27	20702002.86	14422229.88	78163957.47	42675186.44	31303566.68	27607247.95	7701758.716	12986018.41
3-hydroxypropanoic acid	31130913.88	74600117.74	50869001.6	184692087.1	156512111.4	60679014.74	141560251.7	176517469.6	145739577.4	62714530.45		198952018.3	131353326.1	247155979.5	88662473.93	127197440.7	43397488.1	165864886.5	298034658.1	156146254.4	258240368.5	3059756.804	95100610.59	232129255.3
3-methoxytyramine	1690653.309	1500598.496	1863308.291	1673668.046	2447649.583	3303993.39	1726249.158	1292887.336	2136031.029	1514913.011	1732538.864	1851918.31	1170293.237	890276.0573	626886.8235	1406926.36	1333297.809	2223871.84	1265131.043	2928212.21	1668522.13	1107352.492	369348.215	1443089.602
3-phosphohydroxypyruvic acid	3262922.267	5803289.79	5898586.495	10927613.93	5939959.349	4648165.642	2532057.208	5857434.071	5264385.584	5669398.329	2655595.039	5464848.601	2221349.226	3262163.907	5703710.418	6453409.29	5076893.031	6735933.026	2915734.003	3952606.3	4679262.055	8178564.55	3044229.754	5221061.787
3-phospho-serine	3795462.162	8829536.293	16575727.61	2147750.083	1254314.209	631380.0041	5752992.542	8659482.945	3853793.764	1992758.946	1005302.662	1167832.522	2730824.837	7063134.443	9789350.525	1991176.089	1497406.89	897772.2975	5416359.438	8000385.043	7587370.651	1801372.778	459913.7318	873336.2808
3-ureidopropionic acid	858131.0544	674885.9282	1336138.744	746118.878	828825.1306	171588.9431	1353629.004	569918.8525	1332389.076	993563.3528	1526178.542	869601.0947	1129978.81	1650606.733	497382.9779	829982.2216	1871785.515	668185.7853	1688003.244	1236915.466	1171770.039	1200600.045	268076.2602	912432.3146
4-hydroxybutanoic acid	3382200.453	12875566.84	11760363.9	7476958	6916733.305	3981610.73	10933136.34	14003716.1	13901851.42	11821225.06	8264639.109	2673234.494	11149254.08	14168279.65	2692559.265	7377509.535	22328886.21	5910340.545	11174787.35	12454598.58	10404543.31	12737022.1	4083839.878	7135976.72
4-hydroxyphenylpyruvic acid		88322.08863	29540.78278	50981.66714	53563.64231	89639.55636	46642.22537	19871.7425	53237.49269	29060.62026	140990.382	100274.4068		43764.90358	144879.0168	70590.09326	24237.47489	109905.0774	96577.6235	207156.649	28287.22882	222143.0565		106500.666
4-hydroxyproline / 5-aminolevulinate	31706387.86	20579736.92	50198586.87	44177185.96	48109280.07	34445240.03	43664914.04	33396565.39	56783806.9	52838437.38	59305669.35	61564979.16	24187944.78	35359347.18	32633918.48	66045637.8	54185641.18	71443841.94	49134386.09	32380364.88	42131514.4	62416578.81	31767639.29	57266148.84
5-aminopentanoic acid																								
5'-deoxyadenosine	76135.22461	53099.35879	471167.9528	521409.2221	100213.5813	233987.5346	190813.7635	221040.3262	543929.6562	594491.3115	662268.252	290582.1426	100300.3498	320931.7462	123110.7768	501617.6436	559214.1405	535624.86	359012.7074	404032.9977	319527.1052	466374.0183	408601.2017	456900.5978
5-HIAA	4109699.517	3082534.255	2411381.956	1887056.933	4335451.163	854144.193	11625635.43	2021304.646	3785272.068	3750110.377	3797452.462	1530720.833	3290259.456	1950809.317	1041275.836	4310727.995	4274282.749	5683121.273	10214911.76	3236749.056	1926672.961	2269033.319	1210740.082	2636986.006
5-methylcytosine	3305804.075	7430873.244	8271294.955	6442622.004	8411646.602	2607409.017	6777988.714	7355529.531	9883875.948	7057802.734	780624.0706	4934702.664	5041349.077	7628641.889	2756570.976	6768139.611	7919189.675	7761557.096	10184745.35	8309037.156	8620556.726	8680358.913	3271756.166	7168056.712
5-methyl-THF																								
5'-methylthioadenosine	12210804.1	18161010.52	31820649.82	34169378.02	17982462.95	18566602.46	37754834.14	27390891.99	56358127.31	32111086.89	31795094.03	16108848.29	27201462.05	28547020.31	27579823.31	39313266.23	23258255.31	21846749.64	69907653.83	22256475.53	34176508.44	27201053.13	15605219.14	21029222.14
6-aminohexanoate		133078150.2	185490046.1	119978096.6	217663502.7	143052982.5	249491208.9	153748605.7	226193909.8	97392506.1	311432264.7	162696199.9	124674242.3	123321220.7	91101387.25	110042406.9	334797705.4	285445436.4	193503245.6	129595954.6	134670661.5	109667554.8	95022977.99	223019684.6
6-O-methylguanine																								
6-phosphogluconic acid		760923.9202	3231959.806	592378.0541	1003631.978	283489.1658	899702.7884	345522.9396	717059.7384	2705344.179	1194562.783	1268870.058	424965.3582	2225726.907	1672074.338	1289761.315	953096.6581	1123397.578	709799.4999	1178248.674	2001411.986	1214967.972	431945.9369	1542388.395
6-phosphoglucono-D-lactone			31239.53504	15054.57578				14889.94266	16386.82519	16616.36567		51890.17632	13094.75122			27610.19008			12467.74506	63458.40137	14410.74057	19778.53589		
acetoacetic acid	86579334.94	28644149.32	24786099.25	19887192.28	34623496.88	35160777.91	16199404.9	14956675.08	8646489.97	23639513.55	22527508.47	26554256.63	11776933.44	15212291.85	23376549.47	16956524.64	15471216.12	15821745.71	19899363.55	13911386.74	15863428.38	14129862.73	28669925.47	18171399.35
acetoin -	1452433.671	3757541.173	5973900.84	3676900.327	2710644.059	1841085.047	6178569.812	4541144.945	6538344.833	3966633.6	2888294.386	2214647.795	261997.3056	3598181.747	1895691.214	3642722.932	2478497.292	5865532.678	5188721.259	4717300.532	4566732.885	5109365.845	811830.5219	5007916.149
acetylcarnitine+	1137932345	1136004415	831778254.2	643144548.7	621468172.7	352599263.4	939990336.4	876546739.7	704849758.8	643460405.8	418767186.7	404718136.8	546984020.7	930868628.8	731637204.3	612009529.6	798722103.2	559891774.3	733443340	786831090	800737305.4	488174788.3	267931430.7	447845786.7
acetylcholine+	37659468.27	288498900.2	106656593.4	64000374.37	522661602.4	28921458.18	77160956.93	167761575.8	116270479.7	82093713.24	67745029.59	45153287.05	129964920.8	343276696.4	48685213.01	164648203.8	73984770.97	70629338.57	155119947.4	335459561.8	92248230.9	82927691.72	264661454.6	60176182.91
acetyl-CoA																								
aconitic acid	195107329.1	172568123.8	285411487.4	176379930.5	169751973.8	149966051	242937823.3	289703857.5	225326956.3	293412046.6	244458929	322555124.3	123588867.7	186301230.4	197785601.6	299736147.7	352574993.6	338859177.8	182317157.4	184261753	254913118.8	202814885.3	77958710.33	254852114.4
acrylic acid	172137729.9	328808152.5	395359850.6	430298647.4	550814507	342264506.6	371764851.8	326028861	384850790.8	483103203.4	497514818.5	467334301.6	282256018.6	359316148.4	288579967.4	412980506.5	494699762.3	472296966.2	456147414	375317000.2	409028651.4	496596032.7	358721409.8	511907990.1
adenine	66686761.63	104139963.6	122024346.8	131588045.6	202904678	68458318.06	179602128	120796435.5	149808655.3	152857868.7	243706673	102598647.6	69166967.19	121580703.4	30734511.08	172652625.4	246576147	185558691	199015407.4	182835428.7	141836809.4	164654314.3	171686983.3	219884419
adenosine	618886977.4	1206044158	1105167160	963700584.9	1315684865	390690038.2	1645776498	1339117939	1224543605	1134173318	1310134782	651018413	543091052.5	963406383.2	337650869.6	1026462616	1122761633	1086651637	1474294011	1509231823	1388050771	1242805655	521978781	1322482166
adenylosuccinate	218420.169	780875.1146	8566166.992	1608491.24	1147777.704	606487.7365	784011.4465	1417387.987	599371.0119	2227388.719	1507859.547	1533006.085	467689.1273	1492176.329	982066.018	2266163.105	1236252.038	1050128.355	548941.9703	1192696.204	983397.6766	1516805.788	430430.4798	1720446.95
ADP / dGDP	27233413.34	47775623.44	126883250.4	45626998.51	45745628.54	34904776.77	59227522.29	67965652.3	30994679.59	54615780.71	54865415.86	56571057.86	31872757.65	56324239.98	59685659.85	48627898.12	46044487.23	46844678.18	42798685.41	54514086.61	60392394.76	57565884.46	14943224.41	52679591.95
ADP-D-glucose	53776.44307	195536.7698	423875.3543	141245.6727	168726.8216	218554.8937	174251.5425	323787.886	97951.94988	238214.911	157822.3441	98240.38458	130374.0326	264761.4179	189831.5659	154934.045	203121.7507	38219.71149	137292.2992	262419.482	246389.6895	147269.7725	9891.061401	118327.0394
agmatine	2010489.142	16698776.71	9720847.705	18417026.43	12123162.59	17648346.64	18606664.21	25984269.47	11253171.56	15117051.04	12355460.14	19065317.61	21891433.7	14061737.52	9663590.475	16272380.8	13341863.9	24311090.36	30521957.34	28888941.35	12077243.54	17102653.51	9849045.218	21143653.76
AICA ribonucleotide	59586.49455	61151.76999	392872.176	63317.66327	198319.9448	228642.8515	382957.7047	63020.76897	820034.7614	223195.2156	310307.2415	310588.2074	138478.1549	301807.0064	368377.6038	58459.43803	252850.9278	501840.2789	386599.6443	445929.7515	617566.9702	68223.02237	60853.56147	290568.4083
a-KG	270420347.9	419933069.8	470748413	779606394	424850276.1	349201288.6	225223634.3	527206471.7	466033200.3	440370850.3	230556308.5	452594282.5	173194509.7	291045337	456948093.3	488410450.7	388878291.8	493285263.8	247346348.3	307755366.8	379696258.1	608111531.4	261945764	405353519
alanine	1669358806	2149958993	2060637456	2135683601	1828686224	1412723053	2257213139	2270939300	2469878674	2213953915	1893784679	1479769712	1263117070	2720915322	1706028137	1991132323	1778661404	1467808082	2321774371	2130751592	1989955209	2091256894	1606975066	1599788681
alanine methyl ester																								
allantoin	59051556.37	179153351.9	254859769.5	138900563	182277595.1	71301060.28	151539747.8	194715261.2	346169380.5	142503291.2	227891345.9	114788758.5	103094362.2	196843850.6	104556685.5	194869834.2	262209553.1	198678545	243327423	200756029.3	240993180.8	201237686.6	78927952.2	181826882
AMP / dGMP	76137494.78	184147277.8	259306108.1	157312722.6	167032927.3	145592299.3	191797254.8	199981144.2	192543202.6	189203990.2	194270512.3	197358760.8	167958847.9	207110493.3	190458222.6	180201549.2	216916173.9	223873168.2	170694752.7	216246645.7	194515528.6	159133719.1	63062652.83	210200788.6
anandamide																								
arginine	5979625876	7336284345	15843500700	7830439824	8450356419	6405913066	8790407340	9095339643	8800994308	9969891762	9520335544	9976449055	4809604143	10631380205	9784425730	8927102618	9966088992	9286220264	9976524623	9640103884	11322719831	8792678980	5820301205	8753940393
ascorbic acid	186479769.8	198272003	411747431.7	857367034.9	415438375.2	415377406.3	355071176.9	219801906.5	177834795.5	1629265381	828186325.7	637874740.4	466262490.4	346752797.5	521778878	990299619.5	844116750.7	566987611	260861757.1	45773622.3	295474995.4	715857199.2	143009684.6	846261499.5
asparagine	288552246.3	683989316.3	736432808.5	1088801582	929408653	493107221	724926749.7	701951030.8	769868136.1	1084540108	965108433.7	738534001.6	510025387.6	803144336.4	798922306.7	1093931876	1151367052	811204437.9	712694365.1	742128553	750468016.9	1107063396	551013102.1	800271692.1
aspartic acid	28703055.87	40296104.95	68788151.69	25080823.15	34714322.55	35257242.62	60882292.76	55971935.54	29456643.84	76307232.99	48727587.61	38621859.87	40104691.49	82584089.66	58872507.62	58225942.77	70941919.46	30841951.25	47470628.87	62547114.26	56374281.04	51552788.35	19998634.49	47434392.84
ATP / dGTP	2393536.42	2450855.655	15547333.59	3798689.034	4123665.355	3482474.978	3583699.62	5563230.494	1452713.324	3230183.454	3292203.378	5387752.686	2473183.005	4763427.721	6711365.715	4183670.961	3759944.686	4132256.343	2705729.125	3543780.635	5998599.691	5151718.783	2228649.009	4798875.054
b-alanine	1222618787	1428480692	1628465325	1046194014	954741362.1	760211940.6	1666250060	1439028641	1513767483	959663580.4	1098687583	964105746.7	1089995016	1704627122	1165385309	1021458067	1016759492	944271210.9	1474557502	1611693074	1497163961	995660318.4	764248657.4	1057374001
betaine+	1678739755	2909197076	3731335568	2465467368	3378469921	1904714228	3274773599	3423290880	4090521752	2722520750	2602426054	2760128661	1349570429	4002470325	1035292828	2487636792	2823062659	3775746112	3521678385	3774256173	3242252796	3064322043	1066863734	3372211793
bilirubin																7430.686207								
biotin	3490440.57	8263166.294	9545868.41	5628600.03	5763491.195	3038254.554	9134450.984	8496792.133	9876981.87	6175600.776	7464898.39	4365827.282	5171491.336	7578224.937	5581277.923	5812190.227	9699850.221	6376585.237	13823009.72	9315867.979	9331416.284	6097219.87	2891652.281	6370408.132
butyric acid	2377547.897	2761710.684	5213453.528	3546696.435	4936838.77	2661731.259	4168996.348	3252963.95	6389213.488	5071654.867	2228713.773	4710379.205	3865928.583	5406307.455	2963443.324	4140069.52	5220966.63	5725405.306	4061331.488	5196197.79	5671518.633	4009005.983	1355463.455	4827627.673
butyric acid(iso)	1918186.179	2807047.797	4765104.178	6490991.601	7580404.693	4898710.017	5213090.045	2842370.926	5760773.691	6729415.334	3867236.703	6727107.423	5237416.077	5129842.414	5011793.229	4845632.224	6540625.116	6957937.485	4298186.086	6615693.917	6450865.088	6780532.784	3881404.944	7553137.602
caffeic acid	77220.38375	341672.8903	325224.2555	191385.7674	112831.7327	134777.3626	263936.3714	396560.4324	293860.5286	132327.1722	222024.1387	156949.8248	88556.33124	312727.8923	167581.0455	277843.567	385795.1805	400517.6168	367626.2189	581699.9832	421746.2061	311557.9565	150834.2871	457800.5372
"cAMP(2',3') / cAMP(3',5')"	10110968.48	14430247.1	35384913.12	15216582.71	24588761.76	11469861.57	27920106.49	19306580.12	37075773.2	21479598.57	29088906.66	20777815.53	18758557.25	21059825.72	14434111.67	27476019.07	33332371.06	31435129.91	30599456.57	18717020.4	32139636.37	18867690.39	7853946.412	23468330.17
carbamoyl phosphate	3911414.978	7370903.337	7972791.724	5790858.694	8023870.796	6830061.685	8412133.118	9253442.837	10485670.93	7040946.455	7772890.913	7719978.021	6953910.351	7893928.254	7255873.937	6736728.885	6873025.512	6492254.421	8863941.139	8074073.271	8086763.5	6871089.482	4377908.726	8539113.409
carnitine+	5083698125	7461770697	7205205938	6741683340	6655960003	4910332774	7290589946	7712612229	7399564585	6991010672	6685196931	6026546559	4922509787	7593883668	5949030336	6549456024	6419333256	5902819294	7374226824	7344303615	6526164835	5992377079	4614440519	6651557082
"cCMP(2',3'-)"	6973759.92	10942638.97	13423959.58	7593680.337	18361212.63	5567351.429	14225440.36	14041633.35	12590450.08	9733827.427	14917505.12	9797883.394	11177507.36	16108482.45	5800507.605	12281897.49	15305344.06	15892955.49	16301589.95	15901338.39	15113294.01	10772365.68	4197740.986	13005406.51
CDP	493895.0906	424778.2858	3146438.548	402019.6701	308168.2334	166252.3367	614152.0711	803501.3993	68623.13647	516572.0434	315810.036	245401.3554	192643.5562	433374.2968	528456.7805	267439.1654	352678.4013	226243.5336	373021.2131	482625.1847	750764.6375	392183.0127	93413.52294	278891.4975
CDP-choline+	656074.8414	1831633.768	6511664.873	2435125.077	1932607.62	1696208.342	4531898.994	2200111.19	1786373.72	4101069.117	2170797.97	2122916.342	1190436.6	3756630.131	2080127.3	2279623.898	1936029.894	1630037.968	1616325.999	2923514.331	4450841.84	2837945.271	670933.3033	1887944.46
cGMP	16814808.09	20435681.84	45599926.61	19865314.93	34213927.04	10112600.43	34317999.19	22594848.99	48811027.18	27392659.76	28267705.82	24844487.3	21157693.65	29313446.57	14842047.81	27126298.41	43921112.99	38396997.32	34692849.35	26967221.54	41962941.59	27242805.38	9980315.736	27953764.2
choline+	2595272141	3924357263	4724735042	4176283101	4150799434	3092064324	4118828961	4051767189	4914919122	4106958835	4459652147	3098347214	2851690389	4098264200	2458664152	3883125205	4466028391	4671763490	4707870523	4386631260	4645849578	4566044626	1993322683	4617477618
citraconic acid	3882058.854	12478366.69	22197992.58	8365864.992	17204750.99	3999281.638	33070984.25	15895195.77	34583237.06	10833969.9	7428371.366	6852670.45	11945955.64	12266232.45	1646350.608	9642074.703	24332352.6	19079625.38	17733823.5	9152067.574	16381023.19	7691485.87	14341900.11	12182117.95
citramalic acid	20907136.21	49114209.08	53066083.44	35060034.73	38062686.9	30158478.35	56822607.88	34144692.27	44336239.34	34067467.76	35708801.83	32495836.2	40696003.3	48903550.17	39772168.41	29941204.15	24099225.67	28013150.11	40140513.4	40342280.9	44868727.09	34175548.91	15717347.7	29378936.44
citrate / citrate(iso)	987315931	2751058027	7324068116	3273169680	2557291625	1606765465	3089723618	4335710141	2577692573	4709551652	3505891060	4014034712	1848585154	4357258742	4851563625	4720505814	4437504320	3939707986	2914031563	3395369479	4392898347	3935103235	1134786427	3631302578
citrulline	679802.1127	1802817.93	1310232.631	597465.9815	3402594.799	489252.3961	1466955.072	1266948.183	776292.8457	2555696.372	1038696.744	940637.5351	918745.4067	2254283.647	843446.6533	1396787.991	1252377.083	1005734.436	1194642.65	1746976.28	1137279.762	812301.5454	1753325.044	1011181.709
CMP	9211945.768	26851022.59	37172216.92	17911449.77	15128173.79	13987891.97	24960953	29158017.76	17330527.53	22305371.44	15725827.02	14373644.55	13450186.79	28391117.43	19710868.5	18035922.62	21102621.74	15407689.62	17729425.13	26252263.1	22217388.05	17266880.93	4453497.355	14906973.69
Coenzyme A +			19196.73815			17815.96986				32989.05626				25692.66912	14534.9309							9277.645642		29129.75743
cortisol									10286.89345															
creatine	4380308.169	2398571.014	3386205.113	3448820.193	2438855.134	825182.0501	4776363.957	3001022.825	2593460.02	2070184.731	2410307.398	1380491.839	2826152.671	2673156.944	2326876.392	4528352.454	2570746.395	2035539.778	3324054.513	3081274.07	3058249.906	3053659.987	1368856.357	1953948.813
creatinine																								
CTP			295028.0443									12559.55131		9458.016196							23930.11343			
cystathionine	6652663.678	15237328.71	53927797.72	16958476.08	16353758.9	7888625.774	19612993.97	27807199.79	21936711.82	18722188.85	17977079.87	17022330.56	13338566.24	28854413.64	24727459.15	21947310.51	23182446.07	12731849.42	13807515.66	22384744.3	25739648.33	15720379.42	9465542.506	23346087.59
cysteine	12440913.94	8908150.167	49115078.7	29100137.92	64495096.49	31000594.05	32778477.37	20123550.47	36966375.94	66091926.37	107367284.4	89570339.52	29847066.45	40894728.07	14661185.57	64782167.7	109042810.2	53034907.58	31842164.04	63636642.03	40528731.65	80665029.94	20886729.16	73565843.68
cysteine-S-sulfate																	632181.4859					183775.5483	47673.41131	
cystine	8606169.331	10148620.71	30330094.19	10566235.59	27874045.86	9690976.89	47629797.42	18097966.51	37394932.4	35981557.18	39532084.25	30453853.44	22999458.95	31901641.04	11534247.49	23807529.87	31239385.14	24149942.9	61198344.25	42209066.05	32023672.39	21389298.47	9951168.246	24976957.35
cytidine	19785689.74	52821315.01	63228309.2	32788159.42	35595535.36	18592754.6	59975811.16	54447900.64	80603176.83	32595054.04	37593537.95	25941900.93	27505492.5	51443905.66	36490735.51	30938853.94	45497335.8	41372319.32	78252920.56	60496930.98	65642196.43	32841263.52	16399207.45	40465082.83
cytosine	1325775.185	4262690.15	4001158.072	3275675.244	3414129.05	1476260.954	3323882.107	4059983.258	4943192.05	3210246.544	3190149.414	2320383.143	2101910.037	4868061.827	972213.9483	3086898.929	6049865.883	3973126.557	5450560.952	4797422.222	3715704.754	2837192.092	1444238.122	3172673.575
dADP			12828.68608	230161.1664	152437.8447	70214.61403	12646.89706	12741.9984		310962.0122	131032.7975	60066.92523				97776.14874	80597.20103	85976.37398				264050.2699		77537.10669
dAMP	83699.26278	65454.87373		831412.0455	669315.7763	767451.4823		108297.9948	59314.9259	1234313.766	744003.8699	634772.9135	69208.66594		44963.66016	852454.5048	1007595.337	582210.5993		73814.40766		1137239.626	216669.4391	979081.8284
"D-arabinono-1,4-lactone"	12823251.2	29680776.4	31479659.37	35794167.38	27394020.81	25219703.82	31617815.95	38731209.4	33308275.8	40063169.16	24683361.82	25687787.68	13177792.87	32310810.71	26153864	34556347.98	26444068.31	44443502.2	49331839.4	43426499.44	36113589.47	59567541.12	18609625.74	37907648.06
dATP							10779.35287																	
dCDP																								
dCMP	30315.43675	54243.88398	96239.17688	38244.4569	21836.02572		41171.39846	45475.62004	67043.91567	52917.24355		25511.6031	26433.91124	101133.5729	50920.17094	50244.97574		22313.10282	17238.06884		49295.50585	50524.35704		28735.27219
dCTP																								11718.287
dehydroascorbic acid	27421302.14	55033668.5	59778825.14	83578042.68	56243447.86	25451878.62	63149133.02	48423053.49	51827382.59	98209754.34	56836481.92	26515725.64	46207918.97	51989959.99	23181030.5	73552051.23	57951688.52	59643255.55	71967608.83	50535909.22	49688371.64	82497941.66	27529128.79	69284318.24
deoxyadenosine	88263.19933	94817.8858	673872.0598	494549.031	405923.0932	184726.4587	518122.9346	158093.0435	1285926.314	940111.0533	1095525.76	445654.5137	167101.9981	166647.281	56826.52519	716498.9435	876370.0343	1144902.094	360906.2545	365169.6368	295403.166	781995.9995	294837.9009	795382.1592
deoxycarnitine+	256476711	297527996.3	309298391	74932244.71	96313724.5	43198185.44	248608012.2	272465437	186839010.9	85700835.09	93054069.41	53851151.25	180355592.3	395208770.3	294422731	91745040.29	110269922.5	49468663.16	202823109.1	269472234.5	338290401.3	68666425.85	46149846.41	66663015.58
deoxycytidine	82733.48875	133554.15	508734.8379	373283.7922	285657.057	191880.6866	340491.976	341356.0771	682269.1966	330106.02	459027.1067	268078.2791	62518.53647	251232.1691	100541.8939	392452.3716	612099.2178	563486.7153	442320.0866	344959.5071	369483.6623	289998.4971	111230.8516	469182.3847
deoxyguanosine			1330889.597	12488041.8	11619774.21	7570910.424				15535353.53	15447973.74	11842039.68			360788.3519	13894245.49	13194122.39	18310704.86				15870142.51	4960177.602	18220877.71
deoxyinosine		233703.7621	175057.0887	10246968.09	7133981.678	2987704.733	291252.0054	250535.56	282710.0934	14408756.29	9553662.504	5453461.09	142999.6473	231504.5839	106200.8054	10618167.6	7731644.679	10898893.33	454965.7241	304123.7662	277513.5755	12720043.87	3916164.174	11610989.62
deoxyuridine	612718.3917		137045.6885	37907.89673	41941.96929	853546.5108	106854.3157	22306.06698	38927.32885	148626.4055		273346.2489	42191.62112	37516.82601	1159589.752	21475.32548	163388.2304	54681.65201	73180.79588	26544.38635	136232.2759	102143.5174	3735005.694	138955.0702
D-erythrose-4-phosphate	1286499.501	7297401.54	21709032.61	6725142.146	5752630.963	3015349.63	6262083.328	8367639.228	5874368.026	8605839.395	7522700.191	7814383.409	3962681.084	10618417.14	9409298.832	9086314.964	7117479.054	6702771.09	5367249.915	8032443.17	9420373.302	6840002.146	1619483.001	6090970.583
D-galactonic acid / D-gluconic acid	12975519032	10510239898	26503703121	16967044412	15867424176	14142684712	17254155505	17288171376	22760505946	15353364005	17686094931	21040301079	7720921592	15789227644	12143769466	20918111243	22482320491	25697469041	14923087115	17133678738	19332385256	17687251119	8952017609	20929956202
D-galactosamine/glucosamine-1/6-phosphate	8857745.465	28049493.22	45744352.9	26712593.17	24792947.72	18310331.6	28952413.25	34947699.5	22431192.26	36561043.39	31084715.32	34479618.03	20613479	38035168.72	31329860.61	33034438.45	27137893.87	30297934.96	24248323.41	32947373.41	31969515.33	32189249.81	8784465.738	31562108.71
D-glucuronolactone	2156796.39	3680231.932	12423907.47	5075279.162	3305621.54	2113626.981	19553786.49	3413348.188	5345030.796	6231396.381	4829322.721	4165045.48	2795428.323	5191474.96	4162478.619	7168559.18	4588813.579	5062227.317	4441405.382	2781321.573	6227689.072	4656467.255	4043202.126	3772707.527
dihydroorotate	167874.7222	314108.7712	1090877.566	1194781.662	3091056.097	355350.3268	362504.9454	384132.6509	610692.7593	1488660.277	877495.4847	250966.481	215416.3304	559890.0923	819035.9647	1699848.694	1589934.047	1873690.764	870257.4412	686858.9573	972622.114	1742680.825	437980.846	555970.8036
dimethylglycine	25993409.17	40842193.63	51060254.4	31966548.95	27437460.65	19593100.97	28991440.84	43514646.05	25456137.24	51561627.57	33464786.55	30468717.21	28856250.88	45729108.21	55532251.46	39200492.61	49852556.81	30175343.43	31441937.47	39342991.63	43316631.74	32959581.37	19256614.77	27134276.93
DL-DOPA	32301115.5	265342748.8	181788055.6	299660468.3	403124573.7	306392898.5	197025329.1	304202138.2	283539300.8	353414473.6	326405253	233061697.6	81914099.18	263718304.9	305026320.5	338590218.3	278618500.3	468190933.2	315471051.5	337745155	300933151	632515277.1	363014321.4	438904135.4
DOPAC																								
dopamine		1916053.804	3485420.235	5916480.385	2928787.61	2575903.237	4803770.069	2455003.693	5776746.412	8039491.92	11680693.4	2816947.9	1971878.033	2156497.278	2684558.091	5512020.764	11488459.46	9070870.917	7625630.203	6090414.77	6119306.086	7218386.345	2467778.714	4797194.873
D-ribose-1/5-phosphate / D-ribulose 5-phosphate	5288873.979	17172728.32	24965039.68	16964787.24	12571959.99	9522443.829	23737497.88	22029601.8	15354628.79	17867302.78	15228459.16	14511202.81	10294804.95	24765853.33	15034594.01	19925662.79	9916033.375	13316268.44	15951886.19	23126132.43	20614863.51	22665050.92	4080432.847	13164949.89
D-sedoheptulose	21327917.83	37980022.21	46992398.31	48180535.04	34071756.16	33936797.94	40712785.79	43222487.86	45857551.43	44847511.98	40368735.06	62850696.02	21281556.51	47898023.21	24971361.95	50094504.29	45297419.3	69019064.2	40046040.74	44722968.13	40993071.87	50905564.93	17630597.08	65073850.22
D-sedoheptulose-7-phosphate	15888981.23	56052923.71	147589921.2	57740941.15	40059873.2	49521397.1	76207083.22	72296429.36	74157345.89	65950360.78	61577195.89	104209616.6	33656220.85	92150976.28	75932810.43	87536426.59	60243997.73	85109367.96	67392591.56	80113039	99384405.46	71989584.91	20171934.28	94082931.17
dTMP	217965.2785	359224.9962	660456.4006	481287.1775	596173.096	336776.1772	216586.1431	567510.3636	440988.5413	565402.8935	530606.4241	464900.2242	198558.614	556525.6568	401647.1746	455860.6535	542431.4098	233229.277	316587.4285	698490.3327	131959.1994	468356.2596	161768.0996	689247.9795
dTTP				12581.33351																				
dUMP																								
dUTP		15985.28159																						
epinephrine / normetanephrine	12731533.6	16022886.05	13999103.72	13099505.86	13268329.35	8382436.763	12134827.13	11586287.42	11032167.19	11906040.54	12996613.64	9843105.905	12871322.84	12130299.4	8403261.467	11524414.72	11969336.44	11880017.42	11186185.76	9793930.231	9360274.029	9373665.215	5865553.13	9896257.533
ethyl acetate	4187842.581	7348125.63	16052218.4	5176222.047	2368463.587	2680860.937	20534391.21	3458339.898	2009578.764	26150979.29	5511626.626	4595780.258	1762900.67	8807205.543	4804876.418	5227544.195	5626890.714	4155140.272	3909817.517	5835998.154	20024834.88	15553442.06	9196166.649	8100966.692
"F-1,6/2,6-DP"	2532123.802	2941489.329	7698368.104	2892390.568	1796381.774	1161807.22	1768645.306	1552416.293	1222900.13	1283075.772	858810.6787	731120.4408	609056.2085	1002726.785	851176.5193	800285.2772	695386.0803	526487.3199	682792.1899	717377.1381	1150334.422	547846.123	199224.5807	473124.4602
F1P	434828.7331	642055.318	1104202.586	2985342.322	2431154.193	1559698.072	751617.3269	520381.6807	902416.7925	2642640.739	2865853.638	2483948.251	694113.9214	1449347.585	1070525.264	2930761.049	3381226.489	4064328.325	78283.26572	856365.6544	1439458.756	3356662.395	1273855.411	83070.20299
F6P / G1P / G6P	230733488.5	1077058942	2643977005	1041698452	880419889.5	561707786.9	1063232113	1304765473	997324371.9	1351991522	1240416053	1291195194	642391838.7	1614768128	1278739909	1379920576	997069526.5	1047276658	927120669.9	1253682957	1457822056	1064348085	250528412.4	1103956696
FAD	3850997.67	4550415.566	5042290.825	4934832.979	4473779.745	2228535.395	4631648.621	5100585.591	3164185.102	5944837.303	4037435.097	4351631.678	2154985.336	5257043.606	5220794.116	5280828.355	4873129.754	4410433.768	4281850.043	5091527.001	4667192.157	5058446.792	1935249.617	5257228.15
FMN	466619.5463	652846.5307	728536.6679	247413.9259	838891.3625	343229.4911	985918.5929	942175.6307	575132.4137	399081.5897	951525.0996	590398.6078	497204.1875	737067.0142	669105.3233	529386.5466	293800.6126	957778.5799	560095.451	838267.4899	699175.5139	412649.3004	82041.79564	1122377.369
folate																								
fructose / mannose	2590409230	3396048281	5803470173	3801551385	4939071792	2615287632	4781811488	4404101159	6161124718	4604149101	4148644254	4896529388	3047745143	4372641498	2634532380	4673523436	5163847533	5535362794	4943565031	4484518980	4896620465	4081377331	1577487793	4656470907
fumaric acid	20809236.19	28820928.34	17046688.74	23171042.85	21568562.92	23511818.57	17753626.63	33935066.25	7682874.964	45722716.32	23870692.35	20458801.91	20175412.89	25368727.7	33530714.53	37960407.94	21604897.07	11374920.52	18506547.09	28908449.36	21200888.72	42629475.23	17903618.97	25660227.89
GABA	119018697.5	136617083	160885029.3	143281776.5	160734062.5	97174824.87	186011091.9	152968997.2	156188963.2	266812718.5	157191360.1	155797491.4	138010963.7	183331717.5	179833261.8	144696398.4	316969111.5	145357266.1	165407895.9	177903744.9	182433736.4	164121484.1	127269270.6	162379873.6
galactosamine / glucosamine / mannosamine	22710840.06	24033392.21	35309509.38	23023501.06	32762870.72	26126355.86	30393923.98	25749239.17	32918520.79	28932067.36	29465775.2	28344956.4	24502860.59	33426415.11	27866622.82	26048932.32	31453663.29	32094556.86	46466208.05	32831130.5	36670696.77	36198949.03	50081980.72	38511170.55
galactose / glucose	2044039181	3853341253	4711153945	4535234481	6023885470	3713090808	4622860759	4261625198	5115507140	5908931174	6016844881	5429814507	3306429169	4566951506	3378132557	4762627540	5369049756	5202494947	5367623935	4384296995	4958085029	5542896292	3191632425	6019581834
GalNAC / GlcNAC	1874459.802	2322289.919	2000716.814	1337621.517	1260571.999	1815845.183	2269245.836	1518452.305	2006196.383	2043162.401	1994607.538	1823152.286	1985258.81	1952704.418	1559591.908	1518182.549	1632000.016	1466522.049	2007588.27	1259516.356	1739857.616	1961832.906	2702613.602	1603063.671
GAP / DHAP	3194833.953	4595956.645	10073234.94	5293718.322	5140336.935	2637845.081	9202503.586	4278394.019	3628669.656	7046761.6	6961947.368	5636737.214	2749819.72	5998268.241	4316427.118	6052090.42	3517521.041	4420503.86	6183084.718	5555282.782	8017469.926	6630300.422	1503834.477	6212540.148
GDP	1023361.157	2086421.11	8097609.048	2174536.972	1965219.4	1621999.908	2347188.821	2808840.004	1020226.359	2381974.134	2689729.014	2380125.298	1181939.928	2444299.881	3028091.615	2492011.05	2134105.446	2109288.619	1986750.029	2559965.136	2929730.765	2952951.502	1255532.462	2478603.722
GDP-L-fucose	47160.61562	239646.209	539685.0533	166277.8911	127797.4966	77243.23572	136162.1469	237202.7898	64192.05107	122840.1659	141988.0729	140872.9985	94971.53014	266597.5198	126722.686	205581.955	153561.0123	68484.02828	119956.0899	217421.3432	206783.0801	94598.49953	16119.99487	128721.3371
geranyl-PP																								
glucono-lactone	431322105.3	149181906.7	1293724989	540463123.3	356727296.3	406286051.2	938288070.3	518839333.3	1792613465	411553272.3	925277078	876890998.5	356839626.1	635348326.5	105708220	929573951.8	1230320880	1596721216	965076880.2	923447271.9	685091367.5	656537943.5	254166205.3	884022963.9
glutaconic acid	283881618.3	110010594.6	751330733.4	365706745.3	260216751.4	280700886.2	620903154.5	342690464.6	1149600781	290960282.2	605834652.5	607400872.3	259418062.9	426899108.1	80641836.4	621851388.9	807222922.7	1076229121	656445602.7	605474032	460868763.5	409107347.1	185043863.1	582505654.3
glutamate	1024648227	2053430008	2660421603	1699219198	1379973243	975875692.5	1687991037	2352140139	1214516116	2148705751	1447277249	1333463204	1278919096	1932485944	2490436654	1729684710	1866992476	1339243654	1489176614	2006114352	2190701576	1785813862	646528930.4	1525619210
glutamine	4503265465	5843515451	5112738777	9213260340	7800245277	4480809665	5840108640	6004626411	5483824948	10128488814	7471342320	6521456432	4934089612	5962452706	5380182084	9240479198	8781744642	7346957810	5301289877	5921376915	5734346280	10256868041	4628607338	7275997952
glutathione	102094839.4	96885091.8	182363147.2	149403158.2	132854633.9	115001757.5	124115907.2	147584303.8	120458744.4	158120660.7	175182958.8	212208972.8	154109885.1	160766682.1	100051933.4	177505727.6	201276223.8	171492760	98028857.3	189657252.3	143865084.6	195621838.7	48857122.83	189115470.1
glutathione disulfide	36366765.41	61306973.78	92608290.96	59315432.89	35266344.02	25671462.71	60769673.02	66921644.69	39046003.8	74030226.06	56928402.4	47868311.43	42774277.54	81671514.12	55923822.5	58670109.75	65353127.52	43153395.75	42803159.68	39886040.79	68034241.07	29517754.41	17613220.48	62429104.79
glyceraldehyde	456498532.7	916059212.4	713046067.2	1296890142	1225387873	1274185103	1120404834	1135283330	906070977	1363307312	1166103092	2877683314	603049708	1022010027	2578540210	1180133478	1350812115	1336374509	866436403.6	773076158	904019554.8	1028764441	1166295264	951221714.4
glyceric acid	8753812.895	17283076.98	27005687.46	18649767.37	22369096.85	10123553.61	23373995.99	25031609.43	22056487.41	20739101.08	21972169.65	12681096.68	17375800.65	31468250.55	13619865.26	24031687.58	25225143.58	16485710.52	30249063.64	28580401.47	23704393.22	27244373.26	7234203.373	21607373.05
glycerol 2/3-phosphate	89097767.58	255331427.4	280447652.3	232713885.2	276808887.7	158314992.6	301591462.6	253752229.6	213634581.9	254017416.9	242269276.6	169338336	201740296.3	374476510.8	265794979	245774862.6	192253102	187777566.9	239079833.9	366700059.3	278926215	278622356.7	90024519.29	196178456.9
glycine	353245321.2	395677693.6	378289855.1	548238580.3	493626763.3	342789472.3	427140800.7	376029446.5	409468442	574532815	509253590.6	425066085.9	271257962.5	397148214.4	392639244.7	485364267.7	522610313.4	497277383.7	454589017.9	387242254	388873429.6	507691759.3	390747644.3	514513392.1
glycylglycine	2651051.411	3320660.231	4752634.365	3768338.947	4543657.861	2961124.94	4944709.666	4490828.7	209677.3932	170616.1309	270105.4824	216063.411	2809495.197	122034.8119	4672316.867	4286388.979	3756230.463	289485.3958	360277.7866	5020236.372	106708.2276	306025.5648	2563314.22	4236879.608
glyoxylic acid	552347.0612	1788020.868	1336246.587	2984118.758	1798408.029	2125198.536	3035184.785	1506340.255	3828863.144	3151188.466	3916533.408	2680146.642	2431392.41	2500440.938	2303895.444	2750658.784	3961549.569	3936986.329	3090236.716	1948289.728	3089240.989	4138997.725	2523694.243	3283539.364
GMP	17153885.13	53298472.87	92245230.61	62063692.05	75328466.35	66276912.25	60983199.9	64267781.31	65042040.14	71388186.31	93571302.83	75637380.28	32126280.66	76176302.78	56032071	67334579.94	89081294.18	77836837.72	56478486.8	66857565.24	67897382.59	65162272.98	22018543.39	85227339.87
GTP	22169.41575		472970.7757	70513.32133	25714.84895	47383.51136	18792.4302	20871.33124	10524.57706	13550.48617	30085.41618	36107.72081		36894.45712	97231.31713		13929.76253	45980.79558	17626.9698	11370.04099	53441.08591	74556.79405	7561.295257	12747.34569
guanidine	45142804.31	30512315.39	8573809.01	30289306.73	6658337.658	3942469.052	29446328.98	23047848.62	8219954.797	10629284.09	38853908.47	8568558.895	5689741.561	10725172.7	32705897.37	8434268.365	9490160.331	14766172.28	13399552.23	17178921.82	20234093.84	17821634.3	5697180.032	10185182.88
guanidinoacetate									16679.72312															
guanine	932586.0855	1372374.371	2788179.65	23264468.06	19902168.48	12180820.16	1850242.833	1552732.658	4297263.829	24593681.32	26211726.27	18324942.59	1275743.189	1625632.313	805136.5977	24711833.02	22597199.53	33370236.16	2019837.467	1993706.556	1275546.875	26668407.95	8588213.748	29338707.97
guanosine	92296122.16	215107596.5	150155463.5	297680701.2	454754122.6	239770842.3	185197202.8	228280284.8	174409261.3	313541191	538360784.3	249979649	79249827.19	196033985	130110723.1	275466435.9	407443914.8	368417745.5	215894287.9	205674075	180120036.1	292873781	162379545.5	464626869.5
gulonic-lactone																								
histamine	13771797.94	55751856.28	34265999.65	27080446.63	90620699.88	21685286.35	36126707.28	49789451.71	58142308.13	27975401.89	30817784.06	28774853.65	43295605.22	112808348.1	37851607.67	111223299.7	27599250.82	33060554.1	60346714.97	68913908.3	42491132.75	41656946.61	40864788.61	27371029.72
histidine	2383395090	5432696345	4882752647	3395497614	3164944828	2338300104	4505348688	6066462473	3999861982	4398538343	3334931762	3041450670	3969972564	5786972877	6663179087	3395974786	3432117774	2829132083	4519532200	5302952814	5176781302	3904727929	1373854278	3316894293
homocysteine															41338.2628									32912.70679
homocystine																								
homogentisic acid	14674802.88	44227897.72	112612963.3	55477950.09	28634607.89	36124565.3	41639211.69	66596218.89	111795327.4	46617517.51	63092233.89	42766531.78	40955749.55	51403607.28	32036143.88	72621886.1	53035556.45	103151877.2	59084472.92	70358447.23	91821805.06	80973198.59	31311910.6	90759213.28
homoserine / threonine / allothreonine	433261318.5	542040240.6	426723116.1	1313034852	910803246.7	596657714.6	498009579.9	433653369.8	464473575.8	1510684515	947570589.1	568293042.8	506102662.9	558361119.5	567513661.1	1185393655	963562477.2	758686798.3	573177138.6	473691475.4	478415202.2	1196651481	842643089.4	892579145.9
hydroxyphenyllactic acid / HVA		3074434.063	2833134.806	6255991.997	13622243.22	4846965.381	3768151.649	1645885.381	3460727.694	9749519.488	21766988.3	4960827.007	2994671.525	4334435.301		7474761.841	14054627.68	15239464.57	7636220.499	2808520.783	3906140.512	13003239.73	12319878.58	14919102.3
hydroxypyruvic acid																								
hypoxanthine	88301211	315821753.9	385457479.5	275511111.8	273010843.5	64489496.88	444234200.4	322824689.5	765692066.8	308456642.1	231379934.9	138549287	272199231.7	588739903.9	182585929.3	296179638.8	238374302	315800136.5	560408231.3	476777968.6	488644126.3	306001680.2	147742977.8	267022222.9
IDP			104483.912	38627.79611	73916.73044	6424.972081		35722.47936				35365.62081			29450.52801	22823.92547	14904.96784	31036.21343	11364.11533		77967.67942		6750.15656	23169.12943
imidazole-4-acetate	6621573.618	11854959.75	16797580.43	5289203.367	9740682.398	7070605.074	13247836.94	13525824.02	17518263.12	7087284.399	7688151.546	15678456.41	7049700.213	12928803.15	9249233.185	11198486.13	8580371.555	16562976.2	17516357.25	9843206.951	11092305.48	13692709.56	4531805.8	12274608.13
IMP	9149147.007	50479903.16	48866572.31	55699510.47	43218432.74	39461770.53	38803770.24	54754821.81	41428225.74	51262720.74	39390115.22	40934041.73	30275522.66	49500317.32	43875576.35	40985654.1	39083393.61	42953333.73	33708943.32	57047978.94	45557370.11	50634153.18	11751478.45	42410125.81
inosine	198710060.7	635753513.2	673692606.6	1165323941	1358500329	749910431.6	753353842.8	683789773.2	856881815.2	1323663087	1568653927	859233658.8	393293332.9	774748761.5	399965338.5	1176730028	1319851706	1341525657	895419630.5	844287164.1	792204261.6	1321659583	497818098.6	1574137159
isonictinic acid 	9154391.224	14466732.14	24134710.88	4957721.575	8154872.125	5547011.671	48217455.55	14394201.04	32691089.86	42908094.56	12463017.37	14251100.83	9268707.927	30238051.85	18375212.95	9223027.834	11327894.26	13939036.28	25092400.32	18401866.47	44613391.61	12021594.1	11955716.1	12215648.86
isopentenyl pyrophosphate																								
itaconic acid	9031204.494	24037649.59	24723228.4	29382453.29	23125092.43	20365757.26	25464021.92	29716799.11	29217217.64	43487776.23	23429022.87	28333072.66	12615415.19	28277274.69	29166515.46	33716792.04	25592699.53	46103427.81	40413893.56	35916387.57	30733477.63	49335389.95	19728609.42	32039566.73
kynurenic acid	62229158.34	36869294.29	54902985.54	17505060.25	44202941.36	13848533.86	113282584.5	30691989.52	65657287.25	19971016.89	53031232.26	20504506.96	57574449.2	41325006.99	21275958.04	19044523.46	31964616.98	106133593.3	173822430.5	35784991.67	49161957.55	25998878.09	16783880.41	48295751.04
kynurenine	40558004.9	20824446.93	17345681.4	12961718.3	35771596.93	6732291.066	114670155.4	17034038.41	34225800.22	33045779.46	40029367.92	9721051.144	30072924.36	15097710.77	8613148.401	36790322.17	34608701.65	47888842.77	94202108.6	23251977.35	13936834.25	19321192.06	13919444.21	23262323.14
lactic acid	6910692175	11901528711	12420430287	12574999497	13104021652	7535686613	14730108543	12803142925	17385460860	13261848005	14246190487	9839735214	9372940909	16389919804	7287728324	13371411862	13652526103	13969615810	16293579379	15055084487	14229478925	13571664353	5899250190	12880590980
lactose / maltose / sucrose	222615022.1	594765877	773127237.2	741880587.7	709448436.9	504313057.9	563220368.5	564451415.3	486414338.9	846345692.7	766535940.8	751000392	418238068.2	732322600.4	729364878.6	731120155.1	822714267.1	906403409.5	668696747.8	615624016.1	657229929.5	853642671.8	246973257.1	809262762.1
L-arginino-succinate	6001579.499	22101728.22	40157991.37	23812334.58	12603297.14	7919442.768	22928461.8	31296244.68	11580846.77	25895999.47	18151671.08	21015332.36	12573869.71	34485175.22	24778063	25190570.85	13354853.06	13641871.82	19230663.19	27839930.37	22251188.97	25125101.72	3637049.915	21272645.5
L-cysteic acid			103670.1229				87551.60357			65344.71618				127641.8821							51278.13697		16435.60243	
leucine / leucine(iso) / norleucine	2554603341	5806871127	5370073137	5402070335	5259327864	3063597293	5720533810	5370754028	6894365028	6284828958	6087112944	4240957493	3129914335	6123284376	3807335854	5444184924	6284386830	5921292487	6448464498	5860529177	5912419208	5523451926	2278036124	6206715647
levulinic acid																								
lipoamide																								
L-NMMA	2829279.254	3774754.747	15065293.37	3732795.847	4185434.106	3961202.34	6544468.107	3877389.323	5051417.434	9409590.735	5181470.393	5846086.669	2126897.156	7609176.071	4788089.956	4889162.075	6837025.128	5277015.311	6009358.303	4717740.169	10405992.19	5232444.981	3649909.164	6239500.804
L-tyrosine methyl ester	6334226.856	8843535.088	8836472.977	7442561.631	6395035.278	6035844.787	9285990.33	7746966.847	15817068.76	12229917.03	7068091.605	11674048.12	11604152.6	10472268.79	8703225.211	16515686.91	10340579.87	16115818.32	21207879.82	14300030.32	13195633.15	26183618.85	13058240.44	23034322.42
lysine	742164886.7	671943074.6	3197084020	1253903681	1044117921	707709687.9	1063905868	862022077.9	1072517263	1362331028	1036314709	828577496.4	502617743.1	1111989542	823953685.6	1398548125	1313871775	1073418591	875320033.9	906283375.6	1349463592	1323235409	903323837.6	1011675903
maleic acid	1793372.607	1574757.717	2017884.844	1427908.846	869320.9583	1053087.342	2852786.14	1159642.392	2642901.353	1205333.964	1495988.03	828268.643	1222492.331	1788286.777	894229.0254	2131731.861	1097620.77	2201151.189	1996986.81	1842050.989	1627513.061	2216261.871	1229881.374	2353982.695
malic acid	186088382.6	468487548	439817700.5	656185324.8	296909942.8	282817453.8	215076165.4	727599884	88977186.73	1653741106	444411545.7	392677177.8	670299177.8	663204452.4	1155803123	1421369272	749035692.9	287520208.6	205688212.3	596583755.4	496945546.2	1534606561	182971476.4	570605034.4
malonic acid	21639979.65	26426734.66	104113448.7	56259785.1	35906613.37	23672749.58	73308650.19	89879875.09	97093714.76	43861298.1	152495798.8	63771973.2	52551967.17	117984790	48612808.97	98907432.84	83969099.07	116431608.4	75182834.38	119051772.5	49097833.2	69526493.09	43747915.89	66792983.76
malonyl-CoA	21473.45924																			31086.18868				
mandelic acid / vanillin																								
ManNAC	1569604.983	2339313.974	3736987.878	2659883.626	3304484.409	1795331.523	3409059.539	2942072.363	4081359.173	6306836.176	3614046.515	2890267.563	2273418.595	3668255.745	1526152.559	9558464.055	3931868.323	3388302.315	3164559.187	3411546.944	2335264.867	2278035.221	2333665.066	4421627.252
mesaconic acid	808882664.1	1015364818	1440616003	1047713198	934294338.9	666156243.8	1167142767	1071043197	1251326003	1322921916	1294523166	1328061011	989232641.5	1664420329	1349634952	1338586580	1151604107	1143109905	1125947881	1189880681	1365146374	1180880772	517793239	1074303117
methionine	596360017.9	1515563799	2326840654	1478352935	1309484423	1080948921	1253283951	1669952410	2404016345	1600171148	1523242039	1292014970	848793547.8	1767052329	1060356277	1721999966	1936161519	1288900050	1448455759	1494941838	2269764491	1542599774	778974703.8	1672743339
methyl acetoacetate	4248768.031	4502944.767	6533493.179	5279010.795	11423098.09	10552367.07	11240385.99	4101088.813	12181514.67	11763084.12	6892497.315	14327332.83	5897554.736	12271274.56	11312853.8	5941386.388	6870047.867	12004500.1	8662689.657	7717567.65	11160261.48	10289602.16	9166381.905	10064364.35
methylglyoxal	2606174.206				812951.0896	1562383.03	4913073.638		3319503.403			541973.0116						2735545.485	2004404.83	1383772.119	2862225.877	1880739.934		1153296.631
methylmalonic acid	15384862.69	21734870.51	27415135.99	27747780.99	22831689.27	14642013.1	22560753.94	21630055.11	25944135.97	25898289.88	22691499.42	28343061.06	17664448.21	22845004.84	17325578.8	27386501.78	24651822.41	30495227.82	23385591.37	23491062.18	23725791.16	27746187.32	3385826.612	26146946.23
mevalonic acid	8381614.788	41975949.83	99942170.83	9140779.913	50217448.19	6916439.878	156730255	14707921.35	54056923.18	108677754.7	89625234.35	28134606.25	21793348.97	74736642.73	7010215.487	19243708.29	126136310.5	18217189.58	41754332.1	30728311.28	146052394.7	70290408.54	44932154.7	27571004.58
N1/N8-acetylspermidine	227025.4596	9547498.619	7780632.319	121704221.3	20971657.85	6913083.336	6660522.569	9735084.156	12819082.81	17057335.84	6936660.957	6754299.705	8266195.518	4129555.521	10563435.36	8523807.423	5340061.001	6249323.483	7180408.663	7594740.798	7905113.477	15195837.83	5619329.232	5863869.428
N1-acetylspermine	14410212.91	13963912	7109540.023	6368755.878	4910222.42	2628241.754	2552861.415	1616339.707	896008.7892	527908.3107	209064.5672	282711.4304	339498.1439	103488.5847	31447.19202	81570.01609	9968.897968	28909.85261	92098.9724	60384.68209	17419.32258	7245.301556	40838.64707	65514.41713
N-acetylaspartic acid	140250153.9	225635865.1	261585287.2	203182175.7	124366655.2	88649768.95	187453404.4	248239663	158290859.5	221941180.2	130350806.2	130333387.3	91231668.1	263950136.2	220370741.1	205157913.5	142449503.7	135974787.5	171843636.2	239623393.4	190818262.8	180459374.1	60224417.12	144604246.1
N-acetylaspartylglutamic acid			187941.0213																					
N-acetyl-b-alanine	29141494.85	53519892.27	79767627.05	23149851.66	40286175.3	19945819.42	65117218.08	55442039.79	82010501.45	24463672.93	44179017.19	35772874.23	36583051.28	46728909.28	29858824.94	31424466.46	48489055.95	45472089.21	77538451	47960946.19	65112930.82	28314429.44	11985318.4	41644050.17
N-acetyl-DL-alanine 	5584400.494	15462770.16	17868028.9	12383224.02	19490806.55	6801090.283	24442884.26	14738606.61	23820520.79	21664933.98	22598063.05	12596223.46	31209546.61	17523404.9	31420500.54	51152366.21	20537672.57	21791813.97	31388970.82	16550783	30173245.35	15839623.72	8063104.165	17821092.08
N-acetyl-DL-serine / O-acetyl-L-serine	16081576.79	35525698.82	50566456.03	38530536.42	41943519.06	18071201.14	36143299.97	32631800.66	41440107.45	38256136.57	32453771.42	26194543.88	21791737.33	45602716.89	20890125.79	35711261.54	47680538.96	37547047.21	42317662.43	40255640.25	39706505.26	40232218.59	11865584.27	40036066.57
N-acetylglucosamine 1/6-phosphate	3660111.15	12478429.8	30947209.56	14446378.06	11912420.36	10909764.8	13187857.79	14443712.73	12338297.58	15205668	12578247.29	14017518.17	7225123.566	19148897.63	13972753.15	14785863.11	12227492.81	11360238.17	11394865.37	15150412.36	17675787.34	14233585.85	3458428.761	15121912.34
N-acetylglycine	6998710.935	14396308.84	16872610.68	14962759.37	16182553.98	8430809.268	16411098.74	14655345.61	19492173.45	21967530.32	19071305.2	9996320.601	9250308.229	19382563.57	7393792.662	17365096.28	19203919.16	13299358.89	11695859.37	18101111.29	15869265.19	16737694.26	3871307.48	17554716.25
N-acetyl-L-glutamic acid	6831549.325	12932677.84	10065322.88	8840718.998	6512664.067	3431595.625	8522942.204	9598637.431	6352391.886	11662822.85	6565610.247	4287185.581	7382441.297	10073662.17	9123966.89	7695401.215	5659470.139	2714536.883	7541147.887	7648534.709	8587083.305	7839937.507	4289913.961	4658026.728
NAD+	8837588.753	31847516.04	50769892.52	20525789.33	16449772.63	16843080.42	32422052.99	33722228.45	18681119.11	26438404.11	16004015.98	19750617.54	24617921.3	32729499.27	28499233.01	17914456.37	15390605.77	16647176.42	21251283.02	33441416.71	30206405.06	19419855.48	3371358.57	17426780.04
NADH	745946.2181	1704901.652	900559.1756	718505.1974	932814.0184	656511.9094	1614230.158	1641264.515	329439.1944	2631049.507	2029500.367	905717.1636	1584180.256	3153345.563	1771727.329	1346663.906	969605.6305	669311.1358	1809913.262	2825325.139	1920098.292	1381610.709	233707.8534	1303424.165
NADP+	198022.0848	389931.8839	5376693.039	349277.1208	235392.2446	120870.5024	480307.182	697744.6041	443657.6963	453239.4194	375962.2135	315307.7651	219204.0457	534413.656	505881.6745	361154.6814	443515.085	456147.2044	420960.6801	488597.6137	819984.0909	159326.4885	61876.00058	453733.25
NADPH	12670.82833	36492.47744	100704.6595	39720.68769	29244.88032		19082.55107	65609.66924			30009.49875		12337.10684	14300.15312	28531.95051	41108.45164	41534.55063		12015.26453		40066.41227	14666.80905		
N-carbamoyl-L-aspartate		125872.0345		21362.5393	166005.1919	53627.01224	15118.46899		73119.29649	75374.43031		62790.04671					76064.61006	66324.36754				73780.62911		65767.03118
nebularine			12107.67909								22570.38226								10324.82729					16203.42514
N-formyl-L-methionine	430266.3668	1258458.558	1283293.648	1394415.248	1072404.066	575639.3457	1223599.5	1114346.18	1333918.908	1240266.311	2435222.368	673416.9311	767924.8923	1357837.768	701202.1339	1644906.699	2203167.136	1160348.391	2558780.104	1365150.703	1349687.069	1507110.509	922114.3416	1187350.617
nicotinamide		55494616.01	64387464.28		33226671.32		45466124.49	32138074.41	100177725.1				66783564.38	60509552.64	81098853.85			49765543.71	68458003.45	43960549.32	57971011.51	29240787.98		25618278.32
nicotinamide riboside+	18042235.37	106159077.8	48173759.7	10967930.23	17932892.16	9157110.503	78429090.14	89516423.83	56731784.9	20997885.95	16027371.33	15649971.06	32190452.68	92967599.15	56641161.64	14142959.42	14035792.15	9700515.612	54175026.2	91448023.49	64767944.29	26845680.47	5973199.341	18401701.45
nicotinic acid	21498407.21	63304851.18	59397105.92	56864512.26	70511128.12	33685862.76	68249189.61	62486892.29	96431019.98	75390037.58	70767084.19	50908720.92	47914464.26	80430806.22	29906883.16	61407477.46	74104070.23	78215984.37	82786072.91	83748067.36	76371713.8	74061486.64	32479026.66	77245363.78
N-methyl-alanine																								
N-methylaspartic acid	810901884.2	1403467041	1477220948	1025026.853	1003492080	742639829.3	1167170835	1641056098	893867715.2	697264.0793	1013196093	938219128.2	996272983.4	1223220547	1425201530	539508.2396	627170.7379	805357.1583	345948.0791	1289600376	1101535.18	66643.87795	471721559.2	298706.6196
N-methyltryptamine																								
NMN	5642845.545	14580669.19	34324053.62	7750999.199	7721376.481	3166611.905	20068086.3	19339576.02	17882039.96	12037592.14	7993114.841	8744843.261	9167136.83	25988637.02	18750426.67	10741639.49	9048582.701	6675807.038	17000607.29	20649124.46	24631994.33	10192618.94	3226541.745	8819478.802
norepinephrine / pyridoxine	5190668.232	1317181.495	3565959.815	3507652.08			2185158.365	2553267.53	4292504.073	3043520.443	3097632.746	2453781.16		1674986.526	4953095.189	2504728.542	4301596.029	4084236.234	3624879.476	2969039.14	3297863.997	749831.5085		1967217.196
octopamine																								
ornithine	14790230.49	12757068.78	73523839.6	42744814.93	49773367.9	39512201.85	28070872.75	20180611.62	25876326.55	42998019.3	49504094.94	50746955.53	12888849.36	27399181.28	30374045.14	62004873.75	51877413.16	51619740.46	20929422.86	23558221.12	44512910.79	36659549.57	53443691.17	55280934.98
orotic acid	976457.9187	2534561.992	3842601.014	11070950.01	15182537.18	3499020.626	2952486.542	2587303.656	6081047.559	8474117.697	14823107.34	6935409.043	2252189.641	2994154.576	2349769.224	10800950.48	14823681.91	16340347.27	4450008.112	3340663.633	3842086.877	12026948.91	1935091.773	11598434.71
orotidylic acid																								
O-succinyl-homoserine	41210.96548	90481.50876	746801.6832	328114.8006	167447.3921	193154.2684	301546.6014	416775.4857	482052.1359	310867.0604	484187.904	445386.0795	42563.71457	625712.8419	225202.4429	348055.1212	231452.0059	404155.1194	387438.5186	629997.4929	654636.0866	397324.9063	202065.8125	442580.4021
oxalacetic acid									90716.25579															
pantothenic acid	186858047.5	471705959.4	467098780.5	379553104.3	371904926.3	221408801.5	433926248.9	379989923.6	508062045.2	427587286.2	367684717.8	305788897.8	203733590.9	431273872.4	244433912.2	359471841.6	394361975.7	466883046.5	509746817.2	408797637	411619096.4	361561474.1	120496795.1	479418347.4
phenethylamine	2051902.874		2018426.805	790843.0571	1959961.403	714576.9387	2077875.135	1123170.123	1486572.741	1217915.39	1391350.652		2440764.762	289925.0164	1571727.746	1686608.935	2309117.944	2564251.528	2236249.89	1280394.366	2523128.767	735492.7147	1198315.019	974065.7455
phenylalanine	1179264809	2553035730	2469422544	2044445860	2186728517	1192889551	2918027973	2367689806	3320224698	2428566196	2462388711	1771472129	1550749021	2595010368	1424074650	2111389406	2533136559	2161516719	3184557619	2552403706	2871090064	2204323027	976688521.2	2463733239
phenylephrine / synephrine																								
phenylethanolamine																								
phosphocreatine	219511.5632	294820.6484	92150.15864	122214.2987	73868.97183	52929.54606	17202.33079	12047.0844	17320.18917	18865.45254			10586.88619											
phosphoenolpyruvate	451423.9344	689397.75	6245328.607	1068179.788	683268.3412	639540.0901	1109786.209	1738114.437	563569.7407	1091216.707	1457788.722	1446989.93	100314.1931	1772778.944	415029.2512	977035.4851	588670.9093	770833.7441	409841.9572	1338289.497	1175138	1522846.723	118357.1699	1035162.389
phosphorylcholine+	1673025269	3873332299	5789763949	8280538653	6022920723	4235017851	3288316306	5376500796	2816866852	8714570990	7361596453	6965708436	1572588824	5764210524	4187703705	7688432258	8466724397	6664649896	3255813191	4872586187	3918784079	8725206835	4112279907	7147705894
picolinic acid																								
proline	11321822552	20197379654	21754156216	17116485914	17524763177	12175389019	20192616707	20427202580	22282499822	19458702890	19190310041	15357212982	13990976632	21486322718	17924805531	16899746034	18467397297	19930197687	21684102282	20385627991	21075694932	19226318673	10797240898	18760219354
propionic acid																								
PRPP				80.0992286			9609.506485																	
pseudouridine	8704499.938	22007181.01	17959234.8	13541603.71	18174284.94	8355334.61	19984011.62	17252321.15	18861717.05	15903606.33	22148261.51	14939790.86	10935652.36	19386813.05	10480522.93	13368004.16	20824622.98	18075786.71	24809424.71	19829247.03	17389168	13214403.28	5455857.531	19180535.77
purine																								
putrescine	41551.88311	69259.5526	1275974.729	1558083.655	9673152.717	1669070.879	2732437.555	2378560.254	2503063.357	2596796.054	2220845.588	1870645.935	3707527.251	1906644.601	982040.024	2020894.575	1868250.124	1877920.346	2590512.157	2426939.481	2870102.438	2104969.089	1518355.762	2613990.44
pyridoxal	18656624.06	30699062.84	27742306.85	19982815.05	8607893.932	11079603.35	34095001.91	24847718.91	44619386.93	15413806.57	13087452.94	10605489.05	21296617.69	31131112.59	26058546.98	23993804.69	20108321.44	24176573.71	48565707.35	34229319.62	31136485.49	26742148.55	13723554.64	28830836.17
pyroglutamic acid	966379008.9	1779860595	2843892619	2516849462	2640535101	1163310271	2116039163	1896248200	2615423037	2588812490	2442615183	1804693640	1338992874	1952513335	1302283384	2460862987	2967588390	3107195687	2723317491	2279596076	2373006280	2737065448	715972330.2	2427373948
pyrroline hydroxycarboxylic acid	2718538291	3633807808	3262576646	5526942888	4376898374	2439225850	3288836965	3483363337	3192002803	5944740881	4423862010	3928371236	3101851529	3759967389	3228936966	5645894318	5373016100	4445002839	3255383288	3518755221	3408888423	5772703054	2575985749	3994936531
pyruvic acid	581410386.8	760988202.7	495690771.8	1361915183	572237587.7	680941852.5	384534518.7	763848765.2	1147875858	631378803.7	502179566.3	551792375.8	214708886.7	408480044.9	659560281.7	770984455.7	578472019.4	939115903.4	536522895.2	653291510	619046512.2	1515056085	814915839.4	681579584.4
quinolinic acid																								
S-adenosyl-L-homocysteine	540989.9462	560704.2072	926466.8336	666228.7994	845899.0359	540149.8003	986081.1066	796538.0755	1096479.35	808686.2947	1102456.066	575652.5647	616216.7252	553027.0909	880091.4995	1041193.474	1045388.621	1036094.969	721299.079	645733.9249	952794.2953	1325871.834	381930.2854	1061117.181
S-adenosyl-L-methionine+	5638134.245	19278821.68	112474481.7	18745281.22	13797982.42	11451496.69	16417921.2	27436058.47	26851095.49	28503627.59	20501322.47	20346275.01	6817314.557	35485357.71	28622826.14	24750463.23	23922418.67	15806130.36	17692584.1	25321954.88	55901237.41	23662779.02	13666584.92	22975799.28
S-adenosylmethioninamine+				9347.576093								12305.43668												
SAICAR	8553.545042					4913.725306	13605.55781	15165.21522														11878.13074		
sarcosine	55796366.35	389303903.5	418335.7764	230058898.5	248951799.9	152523558.9	522130.1799	612963738.9	443824731.5	455003.3878	1400949.269	6030832.943	179229665.4	424535.5979	1424347.491	687904.698	1434920.991	245071692.6	201965309.1	554637630.1	365851.8289	295679863.8	3312047.71	848984.2887
serine	181453006.7	373553959.9	358546429.3	401473246.4	325026688.5	226118425.2	347163656.6	360821229.7	365433153.8	409817159.3	292807858.6	302938944.6	234733101.6	386114348.7	375787060.5	371430579.9	368841204.6	313758963.6	360596350	369340116.8	380655883.8	393026166.6	196721898.9	305071107.5
serotonin		3563101.392	5064324.975	871273.5092	2455156.679	1292612.967	2654821.444	3250162.883	1932369.177	361332.98	2989882.434	1439886.841	1052141.956	1966768.686	2347162.054	1851764.604	2057092.127	5481527.198	3008045.733	3036861.353	3930391.107	2635700.212		3744052.112
sorbitol / galactitol / L-iditol / manitol	409760339.5	1822465223	1042943670	710940716.7	2479941913	327778358.2	776751440.7	1077314707	905924858.1	766281271.6	562052996.7	585276039.3	499502662.9	2366102291	672958692.9	1188668502	916526424.5	879126440.2	909701370.6	1559213507	765996786	951593077.8	828517073.8	598926693.2
spermidine	551421444.4	876677935.2	673297380.8	791161560.9	729512905.4	447746221.2	581494734.2	526668571.8	395467492.9	315795209.6	250576289.8	174625209.4	226392462	165801133.5	124236392	196869474.6	196554462.5	202180009	200403852.3	188348870.3	184610904	187219023.8	105501993.8	176607871.6
spermine	52700900.23	81332104.28	66537959.93	80014520.85	83600867.04	56748065.77	78985270.86	77496300.6	73784576.02	78702828.45	76850941.56	62947566.83	91106550.59	71933879.96	50425456.73	77834616.37	76368055.95	79311912.77	79556020.4	79112867.12	81837579.05	84342953.53	54025954.72	86995725.79
succinic acid	1618826520	2397186670	1808039044	2166059576	2199194172	1555954383	2195511371	2291075011	2307434074	2807225861	2385417507	1726800911	1654512962	2948356707	1888884499	2094002183	2107853273	1463955543	2171280814	2323444065	2089009365	2209477795	1281103541	2010472712
succinic semialdehyde																								
succinyl-CoA																								
taurine	1021415403	2201004230	1466190861	2210924964	2120062513	1311135737	1808229264	1826132803	1794668709	2360179453	1964327850	1698816426	943936343.7	2132475674	1877348658	2104840416	2025442576	2413482758	2226292550	2024367329	1522049371	2201778665	717152664.4	2100689896
thiamine diphosphate+	8962062.498	7012018.464	19487246.77	8582198.146	7906402.743	6412545.87	7229241.606	6216302.355	6146215.538	6999397.251	7145822.262	7750964.309	3907550.037	4966996.986	3469754.629	3793787.77	4630758.438	3293904.385	2449715.492	3339831.24	2536540.119	2521909.114	684276.2699	2061393.856
thiamine phosphate+	6974079.167	8455438.392	15859079.01	13409199.68	12108553.16	10750875.33	9805122.301	10507525.23	8659291.875	13529305.67	14165413.81	12889790.14	5526254.079	11793878	8246288.82	13370530.88	14030015.59	13654058.83	9911698.337	10641930	10258050.56	13361516.67	7081305.122	14450290.43
thiamine+	102284901.2	142163729.5	111705338.3	62685919.31	104137118.9	66677116.69	177620004	147097916.1	113527651.7	90558584.74	103916585.8	100158972.5	84550931.78	129566555.4	85352699.53	69325244.27	104001905.3	129724009.5	207816522	161027270.8	103093204.6	88966927.67	45666539.37	108688477.5
thymidine	2072508.011	40411.46695	2499461.809	1518463.902	1197170.201	2777761.649	1300024.616	738606.3395	2704512.955	1479063.485	2168724.391	2730191.477	399017.3021	783633.9442	3962033.688	1583998.401	2532415.378	2064039.374	1395852.877	851522.7594	1628999.524	1359782.221		1251574.935
thymine	7163275.187	1620814.05	3098441.023	2841261.802	4258684.779	8638647.343	2451156.958	2299893.847	3179060.204	2100558.901	2225750.697	6678032.717	824150.3106	3317485.573	5879901.154	4166934.504	4132061.935	3729043.595	5342503.383	5619930.223	2553736.237	2840591.416	11178566.19	4343419.386
tryptamine																								
tryptophan	239579471	385119550.2	398237276.2	406934769.9	529277352.8	230515768.5	536608068.8	342470225.9	530515415.4	485310021.2	576007044	333374148.9	247511867.2	382090055	211666102.4	410794541.5	539723532	569480786.1	654477736.4	438625092.5	407361307.2	461294474.7	217184015.8	604570332.1
tyramine	5694810.838	4502652.907	15547238.34	8914994.565	7981616.887	6692368.198	9145765.966	9974847.427	17180264.99	9226519.371	17239901.42	10498540.67	3681799.521	3126354.812		3966717.499	28839417.23	13931066.1	17379569.79	9791449.625	12291890.94	8106213.915	4453656.906	12249547.38
tyrosine	7891310097	13346836377	12041502485	10456040484	12805143414	8003141168	16188820885	12234764310	15498926276	12069691929	13052977590	9519658723	8114149692	13569410477	8273901916	11848050763	14417211569	13246090755	14725117625	13201901530	13338187407	11160482261	4745189456	12467996926
UDP	393082.9957	791722.9638	4821842.683	582782.8474	806573.3922	420939.3187	779278.1742	1831024.767	164538.9943	915827.0558	244425.0564	1083011.362	315724.6883	1030731.657	577471.4807	725731.9099	1032716.388	663447.5445	545369.9186	1057158.181	1427208.037	503879.1514	83719.98971	685083.0946
UDP-D-galactose / UDP-D-glucose	1510815.197	4372426.116	10376330.17	3503201.332	15101.65132	3273109.405	3014412.424	5389160.037	1614398.358	6875692.781	2561711.731	4080412.304	1845486.111	4558599.105	4150099.617	4164234.6	4066661.043	2653613.788	2105937.907	3905009.771	4829430.831	3269993.735	675863.0009	3672297.059
UDP-N-acetyl-galactosamine/UDP-N-acetyl-glucosamine	2121170.194	8952929.829	14547565.08	7509500.839	5936814.156	5027747.303	7777986.039	9373785.956	4788309.719	9105842.387	6249268.307	6568729.193	7350708.655	10621424.09	7872720.117	7131477.989	6671598.648	4321770.336	5322607.021	8974534.502	8749962.625	7230169.893	1059061.021	5979978.781
UMP	5139625.312	8268042.561	9440741.145	4775990.454	5304994.233	3814670.244	7149205.71	9264189.854	3430761.872	8835461.415	3719116.811	4647275.609	4018084.973	7825114.463	4889339.243	6140062.11	6960237.539	3905118.018	4776969.249	7865274.486	5972436.315	5889061.714	1569800.374	5627775.573
uracil	99654133.39	109810915.8	152972907	201933714.8	154496066.9	117312090.9	161147275	125320242	268557805	160004883.4	217344873.1	124680938.8	82824549.44	139656204.2	127554119.5	152881342.4	189710911.9	189289373.6	213957710.5	164073495.7	196479328.7	176636089	186223332.3	211287930.1
uracil 5-carboxylic acid				57713.30877												56473.55469							46319.06306	94192.15702
urea	19026119.22	10137445.53	18721600.1	19028969.52	20669932.65	26717496.4	14704457.06	11217902.3	15665938.73	19008183.46	31933102.68	16110814.68	11265841.09	15178788.15	5657056.258	21105037.62	41677916.89	25909126.81	17174897.71	12901363.44	16502720.69	16521483.74	41009570.83	34879870.82
uric acid	3454784498	5677253629	5473626772	967670952.9	1255726846	1184006188	6821125055	4926793782	5921140837	1234749680	1167998405	1266873123	3836752196	5719371320	5006253907	1089578697	1091573075	1624975249	7540837292	5707194943	5456566179	911226417.8	462905356.6	1222164899
uridine	141442594.6	559790956.7	538025234.6	436374790.2	386151209.7	140945043.3	523618848.5	513011137.4	616940477.4	456147043.5	509276488.4	228737967.9	270052170.8	574352625.1	227512410.4	393356090	462850792.7	511266959	759346639.8	688214265.3	539873895.7	440594189.9	182048249.4	511236828.7
UTP		12020.49453	216236.0826		13402.50763	17886.29288																		10681.8032
valine / norvaline	578747178.4	975632404.2	855676660.4	1263240737	959704626.3	629670254.5	877719330.3	804811941	1032110830	1274255065	942455925.9	813590245.6	510133525.1	966217523.1	617785421.4	1073028830	1148041687	1067668311	969401670.9	972034280	894201568.1	1017284412	608277637.3	1057982523
vitamin B2	6975123.384	22826994.27	15765687.81	8486323.59	8139995.975	3092993.016	25275274.77	17838948.25	18001258.64	10046304.86	9891140.925	6886854.491	11883569.69	16063775.61	6853929.003	6151570.819	7538756.486	14100293.6	25781979.23	21481223.65	13192846.3	9451481.351	2983805.745	14167521.88
xanthine	40695229.95	156980720.6	105727371.8	5949677.834	22707796.49	4809438.022	118874247.6	114982987.5	143208284.4	11279973.82	11251139.47	8728110.878	72935185.66	139431225.9	62316326.87	9683084.048	22389080.59	14326367.4	137483852.2	128674201.4	116810945.5	7962841.665	8751040.326	13422889.11
xanthosine	61390.5726	58374.98447	313349.1001		268890.2944		343278.8874	101338.843	309930.9267	232670.9571	124558.8038		253912.7594	548700.4921	95867.07754	150607.0019	231714.8985	520428.056	796739.2345	417778.0636	330994.8528	524561.6163		100777.1853
xanthurenic acid	3313830.779	4476318.636	4864460.905	1881568.589	6799809.124	1101760.956	10839826.38	4150993.154	6678858.512	2130429.063	7579212.219	2186229.316	5792664.293	6103882.27	2739438.53	2828743.094	4824377.7	9064930.062	16656186.19	4998127.805	6446603.413	2930367.682	2258870.259	5720122.804
XMP		50448.8386	201911.2221	60456.47931	28971.93527	12504.81374	59093.70925	76039.986	17860.1452	40614.71374	16920.95375	24245.23721	19041.32917	108391.0247	19859.47584	90816.84139	19397.21135	18287.02916	24684.70622	118213.5417	99341.12441	41667.0273		38910.35724
xylitol / arabitol / ribito	75619434.81	148120911.2	165641677.3	207808174.2	157397546	112516811.8	175145111	170109422.8	198905201	186326542.7	195220014.8	184164432.5	80695642.24	196897939.3	99798431.42	267823201.6	183710971.2	243201034.2	188087697.5	182140809.1	146937381.1	235021031	65302008.29	198479144
y-glutamylcysteine	12160170.09	19773627.59	28917893.74	22717260.53	24946253.68	14032234.8	20246781.34	29916098.67	20241465.25	23125212.74	34392840.62	27826795.67	11489802.64	29519779.57	17362549.9	23907661.38	39763656.27	24359220.48	13399484.37	36935878.5	26862766.84	33717551.86	12285895.46	24766965.05